#!/usr/bin/Rscript

files <-c("g074a001.dat","g074a002.dat",
	"g074a003.dat", "g074a004.dat",
	"g074a005.dat", "g074a006.dat",
	"g074a007.dat", "g074a008.dat")

files